STARLINK-11356 [DTC]    
1 61574U 24187A   24320.78084669 -.00001480  00000+0 -50505-5 0  9998
2 61574  53.1554 138.4703 0001087 318.7326  41.3612 15.76719633  5549
STARLINK-11376 [DTC]    
1 61575U 24187B   24321.21966271  .00032430  00000+0  20130-3 0  9992
2 61575  53.1556 136.2307 0002055 102.1554 257.9697 15.76737536  5531
STARLINK-11372 [DTC]    
1 61576U 24187C   24321.21478228  .00027656  00000+0  17242-3 0  9997
2 61576  53.1553 136.1958 0001490 105.4040 254.7146 15.76728604  5583
STARLINK-11375 [DTC]    
1 61577U 24187D   24321.20990258 -.00003374  00000+0 -16622-4 0  9994
2 61577  53.1560 136.1635 0001980 103.1500 256.9742 15.76714381  5587
STARLINK-11285 [DTC]    
1 61578U 24187E   24321.20500826  .00023724  00000+0  14881-3 0  9996
2 61578  53.1556 136.1293 0000355  98.8577 261.2484 15.76686330  5531
STARLINK-11275 [DTC]    
1 61579U 24187F   24321.20013506  .00015705  00000+0  99727-4 0  9994
2 61579  53.1550 136.0941 0001137  70.7881 289.3263 15.76738804  5531
STARLINK-11342 [DTC]    
1 61580U 24187G   24321.19524723  .00005520  00000+0  37699-4 0  9996
2 61580  53.1560 136.0672 0001542 127.8608 232.2553 15.76733193  5632
STARLINK-11374 [DTC]    
1 61581U 24187H   24320.87301685 -.00003658  00000+0 -18368-4 0  9995
2 61581  53.1554 137.6050 0000722 149.7612 210.3451 15.76730821  5583
STARLINK-11373 [DTC]    
1 61582U 24187J   24320.48781839  .00000272  00000+0  56583-5 0  9995
2 61582  53.1557 139.4696 0000898 116.4158 243.6955 15.76727890  5471
STARLINK-11368 [DTC]    
1 61583U 24187K   24321.49710588  .00001182  00000+0  11211-4 0  9990
2 61583  53.1564 134.3845 0000611  97.0179 263.0911 15.76731529  5595
STARLINK-11370 [DTC]    
1 61584U 24187L   24320.79497864  .00005029  00000+0  34691-4 0  9993
2 61584  53.1571 137.8277 0000947  82.1194 277.9935 15.76737156  5520
STARLINK-11361 [DTC]    
1 61585U 24187M   24321.48734359  .00003824  00000+0  27354-4 0  9993
2 61585  53.1570 134.3178 0000911 301.1786  58.9145 15.76723886  5642
STARLINK-11360 [DTC]    
1 61586U 24187N   24320.78521549  .00001662  00000+0  14150-4 0  9999
2 61586  53.1567 137.7570 0000600 100.8920 259.2168 15.76722994  5573
STARLINK-32353          
1 61587U 24187P   24321.50001157 -.01502724  00000+0 -33012-1 0  9992
2 61587  53.1594 136.9416 0001062  92.0197  99.4030 15.46430994  5659
STARLINK-32325          
1 61588U 24187Q   24321.50001157  .00056988  00000+0  14245-2 0  9994
2 61588  53.1599 137.2495 0001328  92.9106 303.9128 15.39610445  5711
STARLINK-32416          
1 61589U 24187R   24321.50001157  .00075959  00000+0  18922-2 0  9990
2 61589  53.1597 137.0919 0001184  89.3907  26.5315 15.39586177  5718
STARLINK-32413          
1 61590U 24187S   24321.20568702  .00002319  00000+0  48074-4 0  9996
2 61590  53.1609 138.3257 0001963  48.4992 311.6186 15.50340156  5675
STARLINK-32409          
1 61591U 24187T   24321.25002315 -.01522080  00000+0 -38408-1 0  9997
2 61591  53.1593 138.1794 0001006  86.1448 128.7169 15.42427072  5745
STARLINK-32422          
1 61592U 24187U   24321.20499986  .00003690  00000+0  71799-4 0  9998
2 61592  53.1594 138.3208 0001142 103.5816 256.5321 15.50345698  5677
STARLINK-32397          
1 61593U 24187V   24321.50001157  .00014941  00000+0  38275-3 0  9993
2 61593  53.1600 137.1922 0001448  93.3952 331.0171 15.39622125  5719
ONEWEB-0015             
1 61594U 24188A   24321.03798523 -.00001864  00000+0 -23267-3 0  9990
2 61594  86.5760 158.9866 0006986 117.2370 242.9566 14.83073674  6948
ONEWEB-0687             
1 61595U 24188B   24320.97139463  .00003787  00000+0  46517-3 0  9992
2 61595  86.5777 159.0159 0006061 114.7853 245.4001 14.82802350  6937
ONEWEB-0688             
1 61596U 24188C   24321.31172250  .00001490  00000+0  18126-3 0  9997
2 61596  86.5792 158.8811 0005626 114.4773 245.7037 14.82748778  5036
ONEWEB-0689             
1 61597U 24188D   24321.04387397  .00015381  00000+0  18867-2 0  9993
2 61597  86.5728 158.9843 0004457 104.2307 255.9412 14.83024095  6944
ONEWEB-0690             
1 61598U 24188E   24321.50254112  .00003014  00000+0  36587-3 0  9993
2 61598  86.5771 158.7776 0007623 115.7608 244.4403 14.83217593  5124
ONEWEB-0691             
1 61599U 24188F   24320.96903840  .00015498  00000+0  19121-2 0  9995
2 61599  86.5814 159.0254 0006738 117.1267 243.0644 14.82772219  6933
ONEWEB-0692             
1 61600U 24188G   24321.04730414  .00003917  00000+0  47848-3 0  9994
2 61600  86.5738 158.9991 0003633 125.4065 234.7498 14.83056666  6943
ONEWEB-0693             
1 61601U 24188H   24321.04447017  .00003821  00000+0  46609-3 0  9997
2 61601  86.5702 158.9828 0003538 113.1520 247.0077 14.83102801  6941
ONEWEB-0695             
1 61602U 24188J   24321.04615173  .00003309  00000+0  40474-3 0  9993
2 61602  86.5759 159.0019 0003611 110.6342 249.5268 14.82948641  6942
ONEWEB-0697             
1 61603U 24188K   24320.98030973  .00003856  00000+0  47288-3 0  9992
2 61603  86.5711 159.0158 0003512 121.9936 238.1628 14.82882651  6930
ONEWEB-0698             
1 61604U 24188L   24321.10157109  .00003692  00000+0  45198-3 0  9995
2 61604  86.5788 158.9554 0006902 118.6787 241.5130 14.82928496  6952
ONEWEB-0699             
1 61605U 24188M   24321.50001157 -.00994497  00000+0 -16670+0 0  9994
2 61605  86.6519 158.8496 0002726 126.9679  16.2324 14.72703305  5143
ONEWEB-0700             
1 61606U 24188N   24316.99668950  .00006340  00000+0  78000-3 0  9990
2 61606  86.5737 160.7260 0003338 123.7381 236.4161 14.82854524  6340
ONEWEB-0701             
1 61607U 24188P   24321.25002315 -.01080646  00000+0 -17476+0 0  9993
2 61607  86.6438 158.9334 0005702 112.9339 232.1088 14.74472089  5311
ONEWEB-0702             
1 61608U 24188Q   24321.03707478  .00000271  00000+0  30289-4 0  9997
2 61608  86.5828 158.9889 0007092 116.9802 243.2146 14.82586426  6940
ONEWEB-0704             
1 61609U 24188R   24321.50001157 -.00974913  00000+0 -16488+0 0  9996
2 61609  86.6568 158.8577 0003116 126.9975   9.0270 14.72259584  5150
ONEWEB-0705             
1 61610U 24188S   24321.50001157 -.01013340  00000+0 -15755+0 0  9993
2 61610  86.6319 158.8183 0006221 114.2755 148.0262 14.75964447  5277
ONEWEB-0706             
1 61611U 24188T   24321.50001157 -.00992385  00000+0 -16205+0 0  9999
2 61611  86.6499 158.8296 0007189 117.2353 127.6861 14.73795604  5119
ONEWEB-0707             
1 61612U 24188U   24321.25002315 -.01058806  00000+0 -17653+0 0  9999
2 61612  86.6522 158.9550 0004170 128.9741 146.3332 14.73109039  2982
ONEWEB-0708             
1 61613U 24188V   24321.50001157 -.00998229  00000+0 -16494+0 0  9994
2 61613  86.6488 158.8311 0004626 115.2933  82.6026 14.73322731  5279
2024-189A               
1 61614U 24189A   24320.98309710  .00010018  00000+0  78023-3 0  9992
2 61614  97.6274 345.4720 0010443 177.7452 182.3821 15.01376508  3740
2024-189B               
1 61615U 24189B   24320.98433963  .00005989  00000+0  47111-3 0  9996
2 61615  97.6273 345.4697 0011616 191.8389 168.2564 15.01156456  3714
2024-189C               
1 61616U 24189C   24321.05052354  .00005924  00000+0  46588-3 0  9993
2 61616  97.6263 345.5325 0011037 224.4539 135.5800 15.01180150  3729
2024-190A               
1 61617U 24190A   24321.21473416  .00018089  00000+0  75404-3 0  9995
2 61617  34.9924 232.9448 0004967 161.1512 198.9386 15.22835450  3696
2024-190B               
1 61618U 24190B   24321.21518716  .00034153  00000+0  14210-2 0  9996
2 61618  34.9894 232.9451 0003689 216.2774 143.7691 15.22797273  3696
2024-190C               
1 61619U 24190C   24321.47582289  .00006862  00000+0  28330-3 0  9996
2 61619  34.9980 231.2929 0006616 155.9923 204.1101 15.23314794  3695
CZ-2C R/B               
1 61620U 24190D   24321.13254902  .01586274  11324-5  93441-3 0  9992
2 61620  35.0029 218.9577 0098464 262.5492 244.7842 16.07097604  3741
STARLINK-32302          
1 61621U 24191A   24321.50001157  .00031467  00000+0  54046-3 0  9996
2 61621  42.9999 353.5757 0001435 271.6640 308.9207 15.50557186  4943
STARLINK-32364          
1 61622U 24191B   24321.50001157  .00065798  00000+0  11201-2 0  9996
2 61622  42.9997 353.5646 0001481 284.3109 300.1189 15.50525620  4885
STARLINK-32331          
1 61623U 24191C   24321.25002315 -.01531941  00000+0 -31940-1 0  9998
2 61623  42.9997 355.0426 0001414 271.7505 349.1471 15.47758376  4840
STARLINK-32398          
1 61624U 24191D   24321.50001157  .00049196  00000+0  84025-3 0  9997
2 61624  42.9998 353.5600 0001377 277.6869 308.6583 15.50541597  4893
STARLINK-32365          
1 61625U 24191E   24321.50001157  .00046093  00000+0  78809-3 0  9994
2 61625  42.9998 353.5550 0001457 280.1089 308.1581 15.50535897  4945
STARLINK-32333          
1 61626U 24191F   24321.50001157 -.01477118  00000+0 -27934-1 0  9995
2 61626  42.9997 353.5406 0001486 271.6793 322.3049 15.50400148  4884
STARLINK-32399          
1 61627U 24191G   24321.25002315 -.00050959  00000+0 -86800-3 0  9993
2 61627  42.9996 355.0114 0001447 266.2265   6.8126 15.50593874  4843
STARLINK-32421          
1 61628U 24191H   24321.50001157  .00037489  00000+0  64267-3 0  9999
2 61628  42.9997 353.5451 0001501 278.4676 313.6380 15.50540408  4895
STARLINK-32403          
1 61629U 24191J   24321.50001157  .00054132  00000+0  92377-3 0  9997
2 61629  42.9997 353.5353 0001526 280.6770 315.2595 15.50529902  4885
STARLINK-32390          
1 61630U 24191K   24321.50001157  .00070507  00000+0  11975-2 0  9997
2 61630  42.9997 353.5306 0001504 273.6016 324.1873 15.50563920  4837
STARLINK-32348          
1 61631U 24191L   24321.25002315 -.01531989  00000+0 -31167-1 0  9990
2 61631  42.9996 354.9928 0001488 266.2494  13.8227 15.48453605  4897
STARLINK-32455          
1 61632U 24191M   24321.50001157  .00075097  00000+0  12759-2 0  9999
2 61632  42.9997 353.5206 0001490 273.7901 327.8840 15.50529209  4898
STARLINK-32396          
1 61633U 24191N   24321.25002315 -.01534036  00000+0 -30357-1 0  9998
2 61633  42.9994 354.9791 0001302 262.2862  23.1424 15.49239608  4906
STARLINK-32355          
1 61634U 24191P   24321.50001157  .00088071  00000+0  14930-2 0  9990
2 61634  42.9996 353.5100 0001530 268.3295 337.1815 15.50526126  4883
STARLINK-32370          
1 61635U 24191Q   24321.50001157  .00049089  00000+0  83863-3 0  9999
2 61635  42.9998 353.5056 0001572 282.6506 324.7806 15.50535203  4884
STARLINK-32405          
1 61636U 24191R   24321.50001157  .00061564  00000+0  10483-2 0  9999
2 61636  42.9996 353.5000 0001540 266.6479 342.6949 15.50543387  4887
STARLINK-32419          
1 61637U 24191S   24321.50001157  .00047484  00000+0  81134-3 0  9997
2 61637  42.9996 353.4956 0001497 280.9709 330.2926 15.50542910  4893
STARLINK-32320          
1 61638U 24191T   24321.50001157  .00053668  00000+0  91560-3 0  9993
2 61638  42.9994 353.4904 0001530 279.9283 333.2492 15.50540882  4941
STARLINK-32341          
1 61639U 24191U   24321.50001157  .00069677  00000+0  11846-2 0  9999
2 61639  42.9994 353.4857 0001409 280.1144 334.9693 15.50540193  4883
STARLINK-32339          
1 61640U 24191V   24321.50001157  .00065773  00000+0  11190-2 0  9996
2 61640  42.9994 353.4756 0001565 270.5166 348.4102 15.50542513  4897
STARLINK-32327          
1 61641U 24191W   24321.50001157  .00034485  00000+0  59182-3 0  9997
2 61641  42.9994 353.4808 0001472 279.7281 337.2941 15.50542528  4884
STARLINK-32264          
1 61642U 24191X   24321.25002315 -.01530801  00000+0 -29728-1 0  9994
2 61642  42.9991 354.9286 0001750 262.3568  42.8753 15.49758213  4892
STARLINK-32337          
1 61643U 24191Y   24321.25002315 -.00055051  00000+0 -93833-3 0  9993
2 61643  42.9992 354.9326 0001443 267.1301  36.5785 15.50603537  4958
STARLINK-32238          
1 61661U 24193A   24321.50001157  .00010849  00000+0  19811-3 0  9994
2 61661  53.1586 157.3538 0001335 116.8186 128.3978 15.49989787  4363
STARLINK-32310          
1 61662U 24193B   24321.50001157  .00030343  00000+0  53857-3 0  9994
2 61662  53.1587 157.3497 0001261  94.1536 152.9770 15.49985336  4475
STARLINK-32308          
1 61663U 24193C   24321.50001157  .00104239  00000+0  18153-2 0  9990
2 61663  53.1586 157.3464 0001648  85.6280 163.3233 15.49959601  4363
STARLINK-32301          
1 61664U 24193D   24321.25002315 -.01551178  00000+0 -31196-1 0  9992
2 61664  53.1588 158.5359 0000705  79.8228 216.7942 15.49045721  4361
STARLINK-32439          
1 61665U 24193E   24321.25002315 -.00062140  00000+0 -10900-2 0  9999
2 61665  53.1586 158.5390 0001251  89.1424 206.0862 15.50027308  4416
STARLINK-32428          
1 61666U 24193F   24321.25002315 -.00050109  00000+0 -87582-3 0  9993
2 61666  53.1585 158.5314 0001079  67.8269 231.2128 15.50036033  4465
STARLINK-32414          
1 61667U 24193G   24321.50001157 -.01395900  00000+0 -27095-1 0  9998
2 61667  53.1588 157.3295 0001289  85.8883 170.8068 15.50214211  4466
STARLINK-32441          
1 61668U 24193H   24321.25002315 -.00026777  00000+0 -46338-3 0  9993
2 61668  53.1585 158.5232 0001361  98.4746 204.4244 15.50007356  4412
STARLINK-32400          
1 61669U 24193J   24321.50001157  .00000909  00000+0  23896-4 0  9997
2 61669  53.1587 157.3214 0001698 122.8872 137.6570 15.49996979  4467
STARLINK-32449          
1 61670U 24193K   24321.50001157  .00025376  00000+0  45194-3 0  9998
2 61670  53.1586 157.3181 0001175  99.2170 163.2445 15.49987931  4418
STARLINK-32453          
1 61671U 24193L   24321.25002315 -.00061265  00000+0 -10745-2 0  9990
2 61671  53.1586 158.5122 0000723 109.3621 199.2891 15.50026500  4411
STARLINK-32443          
1 61672U 24193M   24321.25002315 -.00048729  00000+0 -85188-3 0  9995
2 61672  53.1586 158.5081 0000841  82.8504 227.7169 15.50018320  4418
STARLINK-32417          
1 61673U 24193N   24321.25002315 -.00045591  00000+0 -79621-3 0  9995
2 61673  53.1585 158.5045 0000782  85.7413 226.7400 15.50018033  4466
STARLINK-32326          
1 61674U 24193P   24321.25002315 -.00045164  00000+0 -78862-3 0  9998
2 61674  53.1586 158.4996 0000881  88.4718 225.9254 15.50018223  4368
STARLINK-32294          
1 61675U 24193Q   24321.25002315 -.00045824  00000+0 -80042-3 0  9995
2 61675  53.1586 158.4956 0000789  93.0070 223.3120 15.50015242  4468
STARLINK-32309          
1 61676U 24193R   24321.25002315 -.00056651  00000+0 -99246-3 0  9992
2 61676  53.1586 158.4888 0000793  89.4335 230.7151 15.50024656  4365
STARLINK-32323          
1 61677U 24193S   24321.25002315 -.00056236  00000+0 -98525-3 0  9991
2 61677  53.1586 158.4923 0000833  98.5916 219.6477 15.50019531  4360
STARLINK-32363          
1 61678U 24193T   24321.25002315 -.00049109  00000+0 -85854-3 0  9994
2 61678  53.1586 158.4845 0000781  92.9394 229.1231 15.50021642  4410
STARLINK-32395          
1 61679U 24193U   24321.25002315 -.00048359  00000+0 -84514-3 0  9993
2 61679  53.1586 158.4799 0001367  85.7373 238.2304 15.50022999  4415
STARLINK-32412          
1 61680U 24193V   24321.25002315 -.00053466  00000+0 -93570-3 0  9992
2 61680  53.1586 158.4721 0001379  89.9686 237.8344 15.50027171  4469
STARLINK-32426          
1 61681U 24193W   24321.50001157  .00033588  00000+0  59521-3 0  9993
2 61681  53.1586 157.2789 0001414  98.3461 183.2880 15.49978042  4410
STARLINK-32429          
1 61682U 24193X   24321.25002315 -.00055496  00000+0 -97208-3 0  9991
2 61682  53.1586 158.4673 0000780  87.8465 241.8847 15.50020088  4412
SHENZHOU-19 (SZ-19)     
1 61683U 24194A   24321.25033238  .00037560  00000+0  47827-3 0  9993
2 61683  41.4676 235.7337 0003553 317.2999  42.7563 15.58593819202768
2024-194B               
1 61684U 24194B   24304.16570017 -.00002234  70709-5  00000+0 0  9994
2 61684  41.3050 339.9579 0264171 116.1457 292.8724 15.65002779    52
STARLINK-11335 [DTC]    
1 61687U 24195A   24321.25002315  .00029124  00000+0  18154-3 0  9998
2 61687  53.1592 226.4250 0000722  69.1025  61.6441 15.76702133  3875
STARLINK-11344 [DTC]    
1 61688U 24195B   24321.25002315 -.00014851  00000+0 -86955-4 0  9997
2 61688  53.1612 226.3683 0000502  48.9048 109.5609 15.76716039  3872
STARLINK-11312 [DTC]    
1 61689U 24195C   24321.50001157 -.00969895  00000+0 -62937-2 0  9998
2 61689  53.1635 225.0674 0000780 109.3093  55.5155 15.77908902  3907
STARLINK-11340 [DTC]    
1 61690U 24195D   24321.50001157 -.00938120  00000+0 -55174-2 0  9992
2 61690  53.1636 225.0267 0000640 101.7035  82.8464 15.79977361  3908
STARLINK-11339 [DTC]    
1 61691U 24195E   24321.46361635 -.00078583  00000+0 -34969-3 0  9996
2 61691  53.1639 225.1617 0001138  58.6862 301.4273 15.83640075  3893
STARLINK-11315 [DTC]    
1 61692U 24195F   24321.50001157 -.00927935  00000+0 -50242-2 0  9997
2 61692  53.1636 224.9962 0000605 101.5423  97.7626 15.81728070  3909
STARLINK-11366 [DTC]    
1 61693U 24195G   24321.46304040 -.00004791  00000+0 -17959-4 0  9996
2 61693  53.1641 225.1580 0001310  85.4172 274.7002 15.83771856  3907
STARLINK-11348 [DTC]    
1 61694U 24195H   24321.27281152  .00039874  00000+0  17816-3 0  9993
2 61694  53.1639 226.1039 0001300  84.8753 275.2419 15.83850320  3870
STARLINK-11327 [DTC]    
1 61695U 24195J   24321.27240269  .00048510  00000+0  21569-3 0  9995
2 61695  53.1638 226.1015 0001182  81.7025 278.4133 15.83865040  3873
STARLINK-11341 [DTC]    
1 61696U 24195K   24321.20827329  .00013731  00000+0  63761-4 0  9995
2 61696  53.1640 226.4124 0000684 131.2260 228.8823 15.83813807  3867
STARLINK-11346 [DTC]    
1 61697U 24195L   24321.20745164  .00036342  00000+0  16286-3 0  9994
2 61697  53.1642 226.4073 0000915 106.1520 253.9604 15.83833771  3868
STARLINK-11336 [DTC]    
1 61698U 24195M   24321.45925502  .00002126  00000+0  12639-4 0  9990
2 61698  53.1638 225.1313 0001106 121.7496 238.3636 15.83786115  3899
STARLINK-11296 [DTC]    
1 61699U 24195N   24321.45855493  .00003948  00000+0  20672-4 0  9991
2 61699  53.1635 225.1270 0001197  76.3567 283.7590 15.83802541  3900
STARLINK-32349          
1 61700U 24195P   24321.50001157 -.01365252  00000+0 -11535-1 0  9997
2 61700  53.1589 225.2701 0000618  83.5654 339.2398 15.71956765  3745
STARLINK-32461          
1 61701U 24195Q   24321.50001157 -.01370587  00000+0 -11583-1 0  9998
2 61701  53.1589 225.2660 0000674  85.3975 339.3193 15.71961767  3740
STARLINK-32299          
1 61702U 24195R   24321.25002315 -.01342028  00000+0 -10961-1 0  9996
2 61702  53.1582 226.5017 0001092  82.3724   8.4183 15.72692346  3881
STARLINK-32335          
1 61703U 24195S   24321.50001157 -.01368257  00000+0 -11563-1 0  9999
2 61703  53.1588 225.2583 0000553 108.9342 319.6201 15.71958512  3904
STARLINK-32387          
1 61704U 24195T   24321.25002315 -.01341863  00000+0 -10961-1 0  9994
2 61704  53.1583 226.4893 0000795  89.8818   6.6592 15.72691989  3729
STARLINK-32515          
1 61705U 24195U   24321.50001157 -.01366811  00000+0 -11550-1 0  9991
2 61705  53.1589 225.2463 0000510  97.4703 336.8340 15.71957383  3753
STARLINK-32533          
1 61706U 24195V   24321.50001157 -.01366580  00000+0 -11547-1 0  9991
2 61706  53.1589 225.2541 0000700  88.0112 342.4603 15.71957259  3692
STARLINK-32376          
1 61707U 24196A   24321.25002315 -.01091445  00000+0 -64692-2 0  9997
2 61707  53.1512 170.8698 0000790  97.6204 280.6775 15.79780030  3843
STARLINK-32402          
1 61708U 24196B   24321.25002315 -.01092934  00000+0 -64878-2 0  9998
2 61708  53.1506 170.8638 0000613  58.4015 322.2343 15.79752148  3843
STARLINK-32314          
1 61709U 24196C   24321.25002315 -.01108815  00000+0 -66156-2 0  9996
2 61709  53.1508 170.8540 0000575  87.7833 297.8555 15.79677621  3617
STARLINK-32404          
1 61710U 24196D   24321.25002315 -.01106695  00000+0 -65948-2 0  9990
2 61710  53.1507 170.8586 0000463  73.3181 310.0379 15.79700678  3847
STARLINK-32312          
1 61711U 24196E   24321.50001157 -.01094552  00000+0 -67327-2 0  9993
2 61711  53.1505 169.5924 0000707  79.2999 293.3949 15.78979443  3865
STARLINK-32343          
1 61712U 24196F   24321.25002315 -.01119348  00000+0 -66985-2 0  9993
2 61712  53.1508 170.8488 0000477  85.0084 303.1674 15.79636939  3612
STARLINK-32467          
1 61713U 24196G   24321.50001157 -.01095377  00000+0 -67573-2 0  9994
2 61713  53.1502 169.5866 0000549  94.4122 280.7968 15.78919327  3620
STARLINK-32440          
1 61714U 24196H   24321.25002315 -.01187299  00000+0 -72595-2 0  9999
2 61714  53.1506 170.8207 0000433  74.2699 327.3766 15.79323646  3523
STARLINK-32459          
1 61715U 24196J   24321.50001157 -.01108845  00000+0 -68789-2 0  9991
2 61715  53.1502 169.5806 0000504  92.0115 286.0400 15.78827209  3754
STARLINK-32465          
1 61716U 24196K   24321.50001157 -.01111458  00000+0 -69193-2 0  9996
2 61716  53.1504 169.5759 0000538  99.5854 281.0564 15.78756081  3758
STARLINK-32457          
1 61717U 24196L   24321.25002315 -.01195595  00000+0 -73452-2 0  9993
2 61717  53.1506 170.8108 0000691  71.8349 334.6347 15.79236179  3842
STARLINK-32591          
1 61718U 24196M   24321.25002315 -.01189094  00000+0 -72862-2 0  9995
2 61718  53.1507 170.8161 0000654  82.9877 321.0640 15.79278596  3846
STARLINK-32344          
1 61719U 24196N   24321.50001157 -.01157140  00000+0 -73117-2 0  9998
2 61719  53.1505 169.5557 0000573  89.1967 301.3481 15.78533547  3863
STARLINK-32322          
1 61720U 24196P   24321.50001157 -.01189109  00000+0 -75769-2 0  9995
2 61720  53.1502 169.5448 0000552  96.8124 298.5777 15.78423486  3863
STARLINK-32469          
1 61721U 24196Q   24321.50001157 -.01183112  00000+0 -75168-2 0  9997
2 61721  53.1503 169.5502 0000550  78.0814 314.9743 15.78473514  3607
STARLINK-32438          
1 61722U 24196R   24321.50001157 -.01197563  00000+0 -76724-2 0  9992
2 61722  53.1501 169.5394 0000551  97.0944 300.9777 15.78323467  3862
STARLINK-32540          
1 61723U 24196S   24312.16667824 -.00540848  11164-3 -10070-2 0  9990
2 61723  53.1555 216.8704 0000911 121.4312 142.4723 16.00262835  2220
STARLINK-32528          
1 61724U 24196T   24321.50001157 -.01209538  00000+0 -78008-2 0  9997
2 61724  53.1500 169.5333 0000674 104.4659 296.4135 15.78203890  3547
STARLINK-32573          
1 61725U 24196U   24321.50001157 -.01221888  00000+0 -79407-2 0  9994
2 61725  53.1501 169.5234 0000554  98.4535 307.2744 15.78066145  3874
STARLINK-32478          
1 61726U 24196V   24321.50001157 -.01231438  00000+0 -80309-2 0  9990
2 61726  53.1497 169.5177 0000668  99.7775 308.2895 15.78010052  3718
STARLINK-32511          
1 61727U 24196W   24321.50001157 -.01262638  00000+0 -82906-2 0  9992
2 61727  53.1497 169.5085 0000661  94.0332 318.4963 15.77933794  3879
STARLINK-32475          
1 61728U 24196X   24321.50001157 -.01311233  00000+0 -85046-2 0  9997
2 61728  53.1498 169.5032 0000540  85.7845 329.1858 15.77860157  3701
STARLINK-32442          
1 61729U 24196Y   24321.50001157 -.01251828  00000+0 -82012-2 0  9991
2 61729  53.1505 169.5136 0000605  87.6808 322.7224 15.77958227  3711
COSMOS 2579             
1 61730U 24197A   24321.54379719  .00007886  00000+0  35375-3 0  9991
2 61730  97.5584 229.9725 0007661 200.9447 283.9714 15.21453524  2489
SL-4 R/B                
1 61731U 24197B   24321.43655831  .00086373  00000+0  10328-2 0  9990
2 61731  97.5620 230.5737 0108167  11.4272 348.9399 15.53813449  2499
DSN-3 (KIRAMEKI-3)      
1 61733U 24198A   24316.52688250 -.00000128  00000+0  00000+0 0  9996
2 61733   0.0172 304.5807 0044437 242.0474 196.6961  1.00902665    78
H-3 R/B                 
1 61734U 24198B   24320.18981906  .00105284 -32899-6  20072-2 0  9999
2 61734  24.4567 183.1420 7265888 186.0887 153.8735  2.34849263   263
DRAGON CRS-31           
1 61791U 24200A   24321.23759159  .00018961  00000+0  34096-3 0  9994
2 61791  51.6393 282.0820 0007412 224.1527 135.8870 15.49848912  1130
2024-201A               
1 61792U 24201A   24321.42775819  .01107381  25013-5  18580-2 0  9990
2 61792  97.9326 226.7347 0252108 231.3568 126.4887 15.64658639  1707
PROTOSAT-1              
1 61793U 24201B   24321.46014692  .00083116  00000+0  11416-1 0  9991
2 61793  97.9235 225.3645 0006983 278.5148  81.5271 14.77887150  1622
2024-201C               
1 61794U 24201C   24321.15438972  .01821983  23623-5  18600-2 0  9997
2 61794  97.9053 226.5135 0228091 186.1114 314.7264 15.75886593  1656
STARLINK-32362          
1 61845U 24202A   24321.50001157 -.01070008  00000+0 -45310-2 0  9997
2 61845  43.0047  75.6754 0001345 290.4223 217.9833 15.86919655  2586
STARLINK-32472          
1 61846U 24202B   24321.50001157 -.01072710  00000+0 -45337-2 0  9999
2 61846  43.0045  75.6717 0001184 281.1391 228.6832 15.86966646  2588
STARLINK-32352          
1 61847U 24202C   24321.25002315 -.01017824  00000+0 -41486-2 0  9995
2 61847  43.0045  77.2083 0001761 275.9669 245.2834 15.87553616  2546
STARLINK-32427          
1 61848U 24202D   24321.25002315 -.01038665  00000+0 -42299-2 0  9995
2 61848  43.0045  77.2030 0001747 274.8723 248.4634 15.87620274  2540
STARLINK-32346          
1 61849U 24202E   24321.25002315 -.01045329  00000+0 -42391-2 0  9994
2 61849  43.0044  77.1953 0001733 273.8188 252.5136 15.87720308  2443
STARLINK-32330          
1 61850U 24202F   24321.25002315 -.01048977  00000+0 -42438-2 0  9990
2 61850  43.0042  77.1905 0001862 274.7132 253.6129 15.87774681  2540
STARLINK-32379          
1 61851U 24202G   24321.25002315 -.01020971  00000+0 -41438-2 0  9994
2 61851  43.0042  77.1999 0001319 285.9616 238.6153 15.87650570  2452
STARLINK-32433          
1 61852U 24202H   24321.25002315 -.01048058  00000+0 -42299-2 0  9997
2 61852  43.0045  77.1855 0001488 275.9842 254.2749 15.87824652  2543
STARLINK-32394          
1 61853U 24202J   24321.25002315 -.01059600  00000+0 -42679-2 0  9995
2 61853  43.0044  77.1802 0001843 275.8571 256.4415 15.87887789  2542
STARLINK-32486          
1 61854U 24202K   24321.25002315 -.01048256  00000+0 -42074-2 0  9990
2 61854  43.0043  77.1760 0001920 270.1012 263.8925 15.87929745  2546
STARLINK-32391          
1 61855U 24202L   24321.25002315 -.01064111  00000+0 -42654-2 0  9993
2 61855  43.0042  77.1714 0001853 266.1300 269.6364 15.87994276  2547
STARLINK-32483          
1 61856U 24202M   24321.25002315 -.01061870  00000+0 -42455-2 0  9992
2 61856  43.0041  77.1677 0001726 266.5945 270.5957 15.88041402  2547
STARLINK-32451          
1 61857U 24202N   24321.25002315 -.01062155  00000+0 -42232-2 0  9993
2 61857  43.0039  77.1571 0001589 264.9151 276.3965 15.88153335  2289
STARLINK-32556          
1 61858U 24202P   24321.25002315 -.01065336  00000+0 -42488-2 0  9991
2 61858  43.0040  77.1620 0001633 279.8143 259.5548 15.88099894  2541
STARLINK-32466          
1 61859U 24202Q   24321.25002315 -.01072711  00000+0 -42565-2 0  9993
2 61859  43.0039  77.1522 0001720 274.1962 269.1011 15.88217062  2546
STARLINK-32316          
1 61860U 24202R   24321.25002315 -.01078372  00000+0 -42455-2 0  9992
2 61860  43.0039  77.1385 0001639 271.6477 276.9682 15.88386573  2473
STARLINK-32415          
1 61861U 24202S   24321.25002315 -.01073336  00000+0 -42357-2 0  9999
2 61861  43.0034  77.1432 0001664 274.0977 272.7578 15.88327554  2238
STARLINK-32393          
1 61862U 24202T   24321.25002315 -.01078089  00000+0 -42679-2 0  9997
2 61862  43.0039  77.1480 0001816 270.9086 274.0165 15.88274626  2386
STARLINK-32324          
1 61863U 24202U   24321.25002315 -.01075644  00000+0 -42214-2 0  9997
2 61863  43.0036  77.1327 0001288 265.0820 285.8189 15.88446550  2549
STARLINK-32318          
1 61864U 24202V   24321.50001157 -.01249792  00000+0 -50061-2 0  9995
2 61864  43.0038  75.5810 0001404 280.7642 264.7464 15.88009513  2587
STARLINK-32401          
1 61865U 24202W   24321.50001157 -.01268417  00000+0 -50751-2 0  9997
2 61865  43.0038  75.5753 0001436 287.1991 260.5304 15.88068678  2581
STARLINK-32588          
1 61866U 24202X   24321.50001157 -.01239403  00000+0 -49731-2 0  9997
2 61866  43.0038  75.5850 0001172 281.6772 262.3358 15.87956738  2584
STARLINK-32569          
1 61867U 24202Y   24321.50001157 -.01272368  00000+0 -50804-2 0  9998
2 61867  43.0040  75.5710 0001393 285.4052 264.1375 15.88118091  2583
2024-203A               
1 61869U 24203A   24321.46899107  .00018000  00000+0  10022-2 0  9992
2 61869  97.4925  26.1458 0016532 187.0836 173.0165 15.13569782  1106
2024-203B               
1 61870U 24203B   24321.46886514  .00017671  00000+0  98343-3 0  9998
2 61870  97.4910  26.1449 0016137 186.1328 173.9709 15.13595895  1106
2024-203C               
1 61871U 24203C   24320.67466039  .00003679  00000+0  20699-3 0  9999
2 61871  97.4974  25.3693 0016866 195.3574 164.7148 15.13764751   982
2024-203D               
1 61872U 24203D   24321.20277083  .00017918  00000+0  98727-3 0  9997
2 61872  97.4981  25.8925 0016705 196.5332 163.5357 15.13942703  1065
2024-203E               
1 61873U 24203E   24321.45188004  .00015364  00000+0  67583-3 0  9998
2 61873  97.3854  25.9321 0102961 116.9430 244.2367 15.17207031  1105
STARLINK-11402 [DTC]    
1 61874U 24204A   24321.50001157 -.00587274  00000+0 -21017-2 0  9996
2 61874  53.1662 195.6417 0000462 116.5456 162.6898 15.89403124  1776
STARLINK-11316 [DTC]    
1 61875U 24204B   24321.50001157 -.00552556  00000+0 -19316-2 0  9991
2 61875  53.1668 195.6336 0000413  98.4379 184.7531 15.89787297  1776
STARLINK-11401 [DTC]    
1 61876U 24204C   24321.50001157 -.00531384  00000+0 -18173-2 0  9998
2 61876  53.1668 195.6240 0000539 119.0844 168.7829 15.90168870  1771
STARLINK-11321 [DTC]    
1 61877U 24204D   24321.50001157 -.00506378  00000+0 -16981-2 0  9999
2 61877  53.1664 195.6161 0000485 117.7766 173.8218 15.90496946  1775
STARLINK-11314 [DTC]    
1 61878U 24204E   24321.50001157 -.00519046  94594-4 -16115-2 0  9991
2 61878  53.1664 195.6070 0000468 114.4874 181.5401 15.90834481  1770
STARLINK-11324 [DTC]    
1 61879U 24204F   24321.50001157 -.00502723  89860-4 -15347-2 0  9992
2 61879  53.1664 195.5979 0000463 116.0662 184.3295 15.91157396  1772
STARLINK-11328 [DTC]    
1 61880U 24204G   24321.50001157 -.00484986  84793-4 -14584-2 0  9996
2 61880  53.1663 195.5903 0000438 114.0987 190.0078 15.91443421  1770
STARLINK-11329 [DTC]    
1 61881U 24204H   24321.50001157 -.00470855  80898-4 -13952-2 0  9997
2 61881  53.1662 195.5824 0000444 103.2998 204.5811 15.91722947  1770
STARLINK-11398 [DTC]    
1 61882U 24204J   24321.50001157 -.00454941  76583-4 -13289-2 0  9995
2 61882  53.1661 195.5743 0000495 122.1217 189.5246 15.91992287  1770
STARLINK-11383 [DTC]    
1 61883U 24204K   24321.50001157 -.00429112  69875-4 -12202-2 0  9998
2 61883  53.1658 195.5595 0000358 112.6515 206.1638 15.92497324  1779
STARLINK-11359 [DTC]    
1 61884U 24204L   24321.50001157 -.00442646  73365-4 -12753-2 0  9996
2 61884  53.1660 195.5668 0000524 123.6083 191.6996 15.92251764  1772
STARLINK-11301 [DTC]    
1 61885U 24204M   24321.50001157 -.00420228  67686-4 -11792-2 0  9990
2 61885  53.1658 195.5520 0000349 109.6935 212.7905 15.92746575  1776
STARLINK-11351 [DTC]    
1 61886U 24204N   24321.50001157 -.00408866  64863-4 -11350-2 0  9999
2 61886  53.1655 195.5463 0000312 108.0645 217.1287 15.92946903  1770
STARLINK-32410          
1 61887U 24204P   24321.50001157 -.01063063  34014-3 -32145-2 0  9996
2 61887  53.1649 195.5147 0000567 129.2260 210.7881 15.91471632  1773
STARLINK-32377          
1 61888U 24204Q   24321.50001157 -.01070926  34522-3 -32133-2 0  9994
2 61888  53.1647 195.5082 0000446 123.3232 219.9502 15.91623090  1778
STARLINK-32292          
1 61889U 24204R   24321.50001157 -.01133872  38505-3 -33049-2 0  9997
2 61889  53.1644 195.4840 0000510  97.2398 257.6119 15.92193823  1771
STARLINK-32501          
1 61890U 24204S   24321.50001157 -.01082439  35277-3 -32092-2 0  9991
2 61890  53.1648 195.4980 0000751  88.9976 259.2534 15.91856114  1775
STARLINK-32383          
1 61891U 24204T   24321.50001157 -.01092392  35917-3 -32155-2 0  9992
2 61891  53.1646 195.4919 0000575  61.2704 289.9268 15.91996789  1770
STARLINK-32239          
1 61892U 24204U   24321.50001157 -.01059875  33910-3 -31643-2 0  9994
2 61892  53.1649 195.5034 0000110  79.8099 265.7523 15.91717781  1779
STARLINK-32489          
1 61893U 24204V   24321.50001157 -.01096539  36194-3 -32140-2 0  9993
2 61893  53.1648 195.4881 0000277  93.5904 259.3206 15.92079721  1773
2024-205A               
1 61894U 24205A   24321.43243822  .00020396  00000+0  11077-2 0  9998
2 61894  97.4762  33.5210 0013621 263.1688  96.7994 15.14469749   796
2024-205B               
1 61895U 24205B   24321.43309540  .00016192  00000+0  88598-3 0  9991
2 61895  97.4744  33.5191 0013686 259.8520 100.1168 15.14253193   767
2024-205C               
1 61896U 24205C   24321.49856040  .00020347  00000+0  11055-2 0  9990
2 61896  97.4750  33.5850 0013419 262.8998  97.0708 15.14457854   779
2024-205D               
1 61897U 24205D   24321.49839365  .00014149  00000+0  77004-3 0  9992
2 61897  97.4740  33.5849 0014043 263.4165  96.5468 15.14471168   775
2024-205E               
1 61898U 24205E   24321.49830135  .00020383  00000+0  11050-2 0  9994
2 61898  97.4747  33.5852 0013705 263.7380  96.2291 15.14532090   776
2024-205F               
1 61899U 24205F   24321.49817760  .00019976  00000+0  10821-2 0  9995
2 61899  97.4724  33.5839 0013280 265.5343  94.4371 15.14569167   778
2024-205G               
1 61900U 24205G   24321.49808888  .00020045  00000+0  10851-2 0  9991
2 61900  97.4761  33.5865 0013387 265.5939  94.3763 15.14591953   772
2024-205H               
1 61901U 24205H   24321.43210756  .00016014  00000+0  86937-3 0  9997
2 61901  97.4729  33.5195 0013136 265.9306  94.0425 15.14541062   764
2024-205J               
1 61902U 24205J   24321.49799594  .00020760  00000+0  11226-2 0  9997
2 61902  97.4773  33.5872 0013634 265.6909  94.2765 15.14620026   773
2024-205K               
1 61903U 24205K   24321.49788278  .00018478  00000+0  99946-3 0  9994
2 61903  97.4738  33.5854 0013049 267.8579  92.1159 15.14641022   775
2024-205L               
1 61904U 24205L   24321.49767279  .00020069  00000+0  10826-2 0  9991
2 61904  97.4762  33.5868 0013790 267.2333  92.7320 15.14710958   774
2024-205M               
1 61905U 24205M   24321.49745813  .00011803  00000+0  63853-3 0  9997
2 61905  97.4775  33.5879 0014314 268.3081  91.6511 15.14724284   773
2024-205N               
1 61906U 24205N   24321.49701809  .00019136  00000+0  10275-2 0  9991
2 61906  97.4763  33.5879 0013640 271.5549  88.4121 15.14887027   773
2024-205P               
1 61907U 24205P   24321.49706337  .00015545  00000+0  83657-3 0  9998
2 61907  97.4777  33.5881 0013825 271.6860  88.2788 15.14851921   775
2024-205Q               
1 61908U 24205Q   24321.49697084  .00012539  00000+0  67530-3 0  9999
2 61908  97.4783  33.5892 0014780 270.3238  89.6300 15.14862991   775
2024-205R               
1 61909U 24205R   24321.44517009  .00089619  40216-5  89598-3 0  9993
2 61909  97.4705  33.8108 0171645  14.7176 345.8981 15.49298246   820
KOREASAT-6A             
1 61910U 24206A   24320.95023538 -.00000077  00000+0  00000+0 0  9990
2 61910   3.7719 157.7551 2340163 177.1181 115.9351  1.37771912    38
FALCON 9 R/B            
1 61911U 24206B   24319.99323734  .00004505  00000+0  20763-2 0  9994
2 61911  26.9868 147.0954 7250366 180.9648 175.9228  2.30424128    71
STARLINK-32303          
1 61912U 24207A   24321.50001157 -.00541435  10352-3 -12918-2 0  9996
2 61912  43.0034 122.0243 0002741 267.6400  78.1928 15.95597392  1942
STARLINK-32434          
1 61913U 24207B   24321.50001157 -.00562344  11061-3 -13478-2 0  9999
2 61913  43.0032 122.0259 0003213 264.2589  80.9195 15.95516219  1782
STARLINK-32460          
1 61914U 24207C   24321.50001157 -.00560993  11055-3 -13185-2 0  9996
2 61914  43.0033 122.0195 0002977 246.6191 101.1064 15.95876540  1947
STARLINK-32559          
1 61915U 24207D   24321.50001157 -.00545462  10497-3 -12949-2 0  9997
2 61915  43.0031 122.0227 0005116 253.3161  93.1184 15.95672428  1944
STARLINK-32541          
1 61916U 24207E   24321.50001157 -.00536252  10196-3 -12674-2 0  9996
2 61916  43.0032 122.0210 0002454 264.2968  82.7932 15.95770994  1780
STARLINK-32544          
1 61917U 24207F   24321.50001157 -.00541496  10410-3 -12555-2 0  9990
2 61917  43.0031 122.0157 0003103 254.8463  94.3252 15.96119508  1780
STARLINK-32555          
1 61918U 24207G   24321.50001157 -.00556979  10933-3 -12977-2 0  9991
2 61918  43.0030 122.0174 0002269 271.5229  77.0062 15.96038736  1787
STARLINK-32547          
1 61919U 24207H   24321.50001157 -.00544278  10521-3 -12514-2 0  9991
2 61919  43.0029 122.0127 0003236 266.9790  83.3990 15.96272506  1943
STARLINK-32616          
1 61920U 24207J   24321.50001157 -.00557722  10976-3 -12890-2 0  9992
2 61920  43.0030 122.0144 0002209 268.6194  81.1041 15.96186364  1941
STARLINK-32605          
1 61921U 24207K   24321.50001157 -.00556129  10955-3 -12641-2 0  9994
2 61921  43.0029 122.0093 0002057 265.9546  85.7562 15.96489775  1945
STARLINK-32579          
1 61922U 24207L   24321.50001157 -.00553135  10840-3 -12634-2 0  9994
2 61922  43.0029 122.0109 0003095 260.8948  90.1768 15.96395719  1848
STARLINK-32537          
1 61923U 24207M   24321.50001157 -.00547712  10671-3 -12399-2 0  9999
2 61923  43.0028 122.0077 0002241 269.5519  82.7644 15.96561057  1945
STARLINK-32564          
1 61924U 24207N   24321.50001157 -.00567129  11365-3 -12755-2 0  9991
2 61924  43.0028 122.0058 0002303 269.8023  83.1853 15.96683985  1949
STARLINK-32536          
1 61925U 24207P   24321.50001157 -.00552210  10850-3 -12357-2 0  9993
2 61925  43.0028 122.0043 0002635 270.5915  83.0424 15.96770183  1941
STARLINK-32624          
1 61926U 24207Q   24321.50001157 -.00445274  74551-4 -99125-3 0  9993
2 61926  43.0028 122.0021 0002566 261.0407  93.4221 15.96834939  1942
STARLINK-32622          
1 61927U 24207R   24321.50001157 -.00471796  82465-4 -10451-2 0  9999
2 61927  43.0026 122.0009 0002336 267.9739  87.0461 15.96933765  1835
STARLINK-32620          
1 61928U 24207S   24321.50001157 -.00561921  11237-3 -12302-2 0  9995
2 61928  43.0026 121.9976 0002397 270.1680  86.0711 15.97169341  1788
STARLINK-32609          
1 61929U 24207T   24321.50001157 -.00580668  11899-3 -12787-2 0  9996
2 61929  43.0025 121.9994 0002363 266.7614  88.7969 15.97068382  1786
STARLINK-32567          
1 61930U 24207U   24321.50001157 -.00678349  15897-3 -14095-2 0  9998
2 61930  43.0026 121.9716 0003109 251.3264 115.1428 15.98127155  1949
STARLINK-32420          
1 61931U 24207V   24321.50001157 -.00552650  10937-3 -11942-2 0  9993
2 61931  43.0025 121.9941 0002465 273.4463  84.1998 15.97401932  1943
STARLINK-32354          
1 61932U 24207W   24321.50001157 -.00581921  12000-3 -12507-2 0  9998
2 61932  43.0026 121.9924 0002080 270.8575  87.4117 15.97507268  1841
STARLINK-32361          
1 61933U 24207X   24321.50001157 -.00566079  11436-3 -12101-2 0  9998
2 61933  43.0026 121.9909 0002817 278.6469  80.2727 15.97596871  1847
STARLINK-32563          
1 61934U 24207Y   24321.50001157 -.00548236  10817-3 -11648-2 0  9991
2 61934  43.0025 121.9890 0002326 270.9497  88.6921 15.97704832  1786
STARLINK-32500          
1 61935U 24207Z   24321.50001157 -.00589850  12328-3 -12490-2 0  9994
2 61935  43.0027 121.9878 0002168 270.6032  89.5318 15.97775659  1944
2024-208A               
1 61936U 24208A   24320.95701273  .00002099  00000+0  32030-3 0  9996
2 61936  98.0076 325.5503 0008648 194.5659 165.5301 14.74886026   305
2024-208B               
1 61937U 24208B   24321.24165659  .03796621  00000+0  42679+0 0  9992
2 61937  98.0000 325.8294 0041246 186.2989 234.3786 14.81769256   347
CZ-4B R/B               
1 61938U 24208C   24321.43523347  .00017732  00000+0  69508-3 0  9996
2 61938  97.9996 326.1699 0162286   3.4360 356.7943 15.14415393   389
TIANZHOU-8              
1 61983U 24211A   24319.84059492  .00045616  00000+0  58175-3 0  9997
2 61983  41.4673 244.2846 0003881 313.7517  46.2999 15.58483552    06
2024-211B               
1 61984U 24211B   24320.87051328 -.00002371  75042-5  00000+0 0  9999
2 61984  41.4675 237.9657 0100456 174.3872 238.0483 16.02258857    39
2024-211C               
1 61985U 24211C   24321.05733426  .06535601  67804-5  64259-2 0  9995
2 61985  41.3274 236.8970 0201055 154.0638 220.8822 15.81106896    51
2024-211D               
1 61986U 24211D   24320.82133265 -.00002227  70547-5  00000+0 0  9992
2 61986  41.6392 238.2979 0244388 182.5812 284.3545 15.69045891    13
2024-211E               
1 61987U 24211E   24320.87544015 -.00002283  72313-5  00000+0 0  9992
2 61987  41.8094 237.8923 0231196 176.4500 237.6255 15.70887238    29
